arch | scale | query | toal_cnt | avg_time | time_list | test_pass
tpch | 0.0001 | q1 | 6 | 0.201 | [0.2409839630126953, 0.1958472728729248, 0.18587470054626465, 0.19929027557373047, 0.2399449348449707, 0.21155452728271484, 0.20383119583129883, 0.16666412353515625, 0.17696690559387207, 0.19176292419433594] | Unknown
tpch | 0.0001 | q2 | 24 | 0.137 | [0.14266490936279297, 0.10138440132141113, 0.14536261558532715, 0.12747597694396973, 0.1403803825378418, 0.1443772315979004, 0.16436362266540527, 0.13998079299926758, 0.14772272109985352, 0.12073779106140137] | Unknown
tpch | 0.0001 | q3 | 0 | 0.150 | [0.07632756233215332, 0.1730496883392334, 0.1166384220123291, 0.14367914199829102, 0.16466093063354492, 0.16718292236328125, 0.13669896125793457, 0.17871546745300293, 0.1587517261505127, 0.18068647384643555] | Unknown
tpch | 0.001 | q1 | 6005 | 0.224 | [0.24683356285095215, 0.2010490894317627, 0.2612302303314209, 0.25425171852111816, 0.22386837005615234, 0.2301349639892578, 0.20955109596252441, 0.17596077919006348, 0.2174983024597168, 0.21499085426330566] | Unknown
tpch | 0.001 | q2 | 8447 | 0.146 | [0.171431303024292, 0.1458597183227539, 0.13560938835144043, 0.1449728012084961, 0.14272618293762207, 0.12065982818603516, 0.17106270790100098, 0.1352388858795166, 0.14101409912109375, 0.1490185260772705] | Unknown
tpch | 0.001 | q3 | 351 | 0.379 | [0.4063842296600342, 0.3887917995452881, 0.36262965202331543, 0.3716256618499756, 0.3699831962585449, 0.29405879974365234, 0.41947245597839355, 0.44162607192993164, 0.3530616760253906, 0.3871326446533203] | Unknown
tpch | 0.01 | q1 | 60175 | 0.245 | [0.272599458694458, 0.2569458484649658, 0.2269268035888672, 0.24246835708618164, 0.24930906295776367, 0.23660874366760254, 0.24658513069152832, 0.2533137798309326, 0.2338573932647705, 0.23632073402404785] | Unknown
tpch | 0.01 | q2 | 60175 | 0.166 | [0.1548633575439453, 0.20348358154296875, 0.1793365478515625, 0.15246272087097168, 0.15964221954345703, 0.162855863571167, 0.14803123474121094, 0.1750023365020752, 0.1664741039276123, 0.15589570999145508] | Unknown
tpch | 0.01 | q3 | 2333 | 2.022 | [2.1165993213653564, 2.5131983757019043, 2.4442615509033203, 1.857165813446045, 1.9037396907806396, 1.8288719654083252, 1.6958465576171875, 2.2129809856414795, 1.787550449371338, 1.8551735877990723] | Unknown
tpch | 0.1 | q1 | 600572 | 0.525 | [0.6837453842163086, 0.5360915660858154, 0.4804847240447998, 0.4978370666503906, 0.5303819179534912, 0.48674535751342773, 0.5140960216522217, 0.4918849468231201, 0.5376005172729492, 0.4889233112335205] | Unknown
tpch | 0.1 | q2 | 600572 | 0.419 | [0.47217702865600586, 0.4022045135498047, 0.41885828971862793, 0.3835794925689697, 0.3930387496948242, 0.3873124122619629, 0.4242739677429199, 0.4394862651824951, 0.4084587097167969, 0.4651215076446533] | Unknown
